date	julian_day	year	Diatoms	Diatoms_pennales	Diatoms_centrales	Greenalgae	Dinoflagellates	Silicoflagellates	Coccolithophorids	Flagellates	Ciliates	total_Phytoplankton_abundance	Mediopyxis_helysia	Chaetoceros_debilis	Chaetoceros_minimus	Rhizosolenia_styliformis	Thalassiosira_nordenskioeldii	Dinophyceae_round_(10_µm)	Phaeocystis_sp	Chattonella_sp
100104	4	2010	82586	80446	2140	0	13187	0	0	1510186	0	1605959	0	0	0	0	0	9957	49785	0
100105	5	2010	93783	91323	2460	0	5619	0	10167	1007757	0	1117326	0	0	0	0	0	3319	66380	0
100106	6	2010	152406	144337	8069	0	12787	0	3319	1189882	0	1358394	0	0	0	0	0	9957	59742	0
100107	7	2010	92546	82886	9660	0	7299	0	210	1556232	0	1656287	0	0	0	0	0	3319	56423	0
100108	8	2010	64462	61112	3350	0	13707	0	0	1124342	0	1202511	0	0	0	0	0	9957	129441	0
100111	11	2010	27944	22354	5590	0	8478	0	0	1248195	0	1284617	20	0	0	0	0	6638	66380	0
100112	12	2010	37710	34590	3120	0	2050	0	3319	1197570	0	1240649	0	0	0	0	0	0	33190	0
100113	13	2010	32891	31891	1000	0	5619	0	3529	1319953	0	1361992	0	0	0	0	0	3319	49785	0
100114	14	2010	67642	61872	5770	0	4820	0	210	1547325	40	1620037	0	120	0	0	0	0	76337	0
100115	15	2010	53416	48996	4420	0	17446	0	210	1308357	210	1379639	0	0	0	0	0	13276	99570	0
100118	18	2010	36901	32341	4560	0	8099	0	9957	1105478	20	1160455	0	0	0	0	0	3319	63061	0
100119	19	2010	701352	695032	6320	0	4170	0	420	1452334	20	2158296	0	0	0	0	0	0	59742	0
100120	20	2010	347268	341528	5740	20	7699	20	210	1879645	20	2234862	0	0	0	0	0	3319	92932	210
100121	21	2010	70142	63982	6160	0	7359	0	0	1540477	40	1618018	0	0	0	0	0	3319	82975	0
100122	22	2010	54185	50975	3210	0	3180	0	9957	1418934	20	1486276	0	0	0	0	0	0	53104	0
100125	25	2010	61953	59753	2200	0	16177	0	7058	2176127	20	2261335	0	0	0	0	0	9957	76337	0
100126	26	2010	53925	52045	1880	0	15977	0	6638	1741927	40	1818507	0	0	0	0	0	9957	63061	0
100127	27	2010	59703	58663	1040	0	22966	0	19914	1956233	40	2058856	0	0	0	0	0	13276	66380	0
100128	28	2010	30702	27362	3340	0	4639	0	10167	1545435	40	1590983	0	0	0	0	0	3319	39828	0
100129	29	2010	144339	138899	5440	0	15856	0	6638	1762850	0	1929683	0	0	0	0	0	13276	46466	0
100201	32	2010	53576	49696	3880	0	7449	0	3529	1648575	40	1713169	0	60	0	0	0	3319	73018	0
100202	33	2010	42010	37130	4880	0	6759	0	3319	1607697	20	1659805	0	0	0	0	0	3319	36509	210
100203	34	2010	58604	54444	4160	0	8358	0	7268	1579296	20	1653546	0	0	0	0	0	6638	76337	0
100204	35	2010	45668	40958	4710	0	6509	0	0	1500649	0	1552826	20	0	0	0	0	3319	53104	0
100205	36	2010	63043	58373	4670	0	6109	0	9957	1538418	0	1617527	0	0	0	0	0	3319	53104	0
100208	39	2010	64133	58333	5800	0	6629	0	13486	1971819	20	2056087	0	0	0	0	0	3319	116165	0
100209	40	2010	17967	12827	5140	0	9089	0	13276	1847966	20	1888318	0	0	0	0	0	3319	86294	420
100210	41	2010	50767	47317	3450	0	7259	0	6638	1787215	40	1851919	0	0	0	0	0	3319	56423	0
100211	42	2010	19606	11257	8349	0	1740	0	210	917934	0	939910	0	0	0	20	0	0	56423	0
100212	43	2010	98752	94732	4020	0	8999	0	29871	1552937	0	1690559	0	0	0	0	140	3319	66380	0
100215	46	2010	68960	68380	580	0	15377	0	6638	2078978	400	2170353	0	40	0	0	20	9957	79656	0
100216	47	2010	14793	14533	260	0	6811	0	6638	2069677	40	2097959	0	0	0	0	60	3319	69699	0
100217	48	2010	78147	75233	2914	0	22761	0	6638	1885004	20	1992570	0	0	0	0	0	16595	53104	0
100218	49	2010	91194	87194	4000	0	14977	0	9957	2768695	100	2884923	0	0	0	0	0	9957	86294	0
100219	50	2010	54624	53944	680	0	6109	0	6638	2549243	20	2616634	0	0	0	0	120	3319	86294	0
100222	53	2010	57084	53744	3340	0	8378	0	6638	2145959	60	2218119	0	0	0	0	20	6638	82975	0
100223	54	2010	63802	57683	6119	0	4579	0	9957	2329023	120	2407481	0	0	0	0	120	3319	86294	0
100224	55	2010	40889	37789	3100	0	7838	0	3319	2193825	40	2245911	0	0	0	0	480	6638	86294	0
100225	56	2010	49147	44067	5080	0	4499	0	16595	2482380	0	2552621	20	0	0	0	1140	3319	69699	0
100226	57	2010	51225	49945	1280	0	5454	0	0	2149686	0	2206365	0	0	0	0	720	3319	76337	0
100301	60	2010	47729	37749	9980	0	8358	0	3319	2990945	80	3050431	0	0	0	0	1620	6638	122803	0
100302	61	2010	17358	6978	10380	0	4179	0	0	2279238	20	2300795	0	0	0	0	2420	3319	69699	0
100303	62	2010	82160	70218	11942	0	878	0	9957	2772434	40	2865469	0	0	0	0	3640	0	116165	0
100304	63	2010	96896	77477	19419	0	14436	0	3319	1712290	60	1827001	20	380	0	0	580	13276	106208	0
100305	64	2010	97796	79131	18665	0	18311	0	6638	2616055	60	2738860	0	0	0	0	2260	16595	122803	0
100308	67	2010	53533	20914	32619	0	12217	0	0	2025075	60	2090885	0	0	3319	0	6440	9957	79656	0
100309	68	2010	38476	14226	24250	0	1110	0	0	2077397	120	2117103	80	340	0	0	7920	0	86294	0
100310	69	2010	54861	34941	19920	0	7098	0	0	1819734	20	1881713	0	300	0	0	6360	6638	46466	0
100311	70	2010	113123	74413	38710	0	1130	0	3319	1768479	180	1886231	80	1060	0	0	7840	0	66380	0
100312	71	2010	144582	80756	63826	0	8058	0	3319	1432420	360	1588739	20	880	0	0	4400	6638	56423	210
100315	74	2010	106114	60924	45190	0	4239	0	0	1757262	20	1867635	80	1040	0	0	6440	3319	59742	0
100316	75	2010	111772	34672	77100	0	670	0	0	1797131	80	1909653	360	320	0	0	8520	0	73018	0
100317	76	2010	101425	24124	77301	0	270	0	9957	1755203	60	1866915	100	1000	0	0	12371	0	66380	210
100318	77	2010	234908	111870	123038	0	7348	0	0	1896660	160	2139076	60	1860	0	0	22990	6638	89613	0
100319	78	2010	294187	48988	245199	0	840	0	0	2369008	0	2664035	240	5400	0	0	59285	0	172588	0
100322	81	2010	396336	45820	350516	0	7916	0	0	4020532	240	4425024	440	9240	0	0	88510	6638	258882	0
100323	82	2010	497904	59700	438204	0	1918	0	6638	3164796	120	3671376	1000	11040	0	0	105210	0	185864	0
100324	83	2010	477509	54240	423269	0	879	0	0	2551509	120	3030017	400	7680	0	0	66800	0	159312	0
100325	84	2010	535358	101397	433961	0	2038	0	13276	3089261	280	3640213	1400	4480	0	0	62625	0	73018	0
100326	85	2010	781841	82603	699238	0	17791	0	0	2355873	360	3155865	640	5800	0	0	236998	13276	139398	0
100330	89	2010	515325	119546	395779	0	1079	0	6638	2882639	200	3405881	1400	9520	0	0	151879	0	73018	0
100331	90	2010	573148	112727	460421	0	839	0	0	2709003	440	3283430	1200	8240	0	0	113492	0	199140	0
100401	91	2010	385005	100059	284946	0	22885	0	0	2566454	200	2974544	880	8120	0	0	110154	19530	195300	559
100406	96	2010	904635	249606	655029	40	7637	40	0	3510454	320	4423086	2800	15400	0	0	288737	6638	298710	0
100407	97	2010	780725	237532	543193	80	12671	80	0	2609363	2160	3404999	4520	21960	0	0	268709	6638	298710	0
100408	98	2010	1048896	300825	748071	160	24030	160	0	2364041	3200	3440327	4080	14440	6638	0	470658	19914	119484	0
100409	99	2010	1109449	388304	721145	80	24589	80	0	3271004	440	4405562	6320	16800	0	0	400560	19914	358452	0
100412	102	2010	781063	327249	453814	40	15355	40	0	2613003	520	3409981	34960	6600	0	0	265371	13276	139398	0
100413	103	2010	781096	404069	377027	40	49664	40	0	2945742	1520	3778062	22160	4720	0	0	161893	46466	252244	0
100414	104	2010	853535	400005	453530	40	14990	40	0	4304928	1160	5174653	48604	4640	0	0	133520	6638	232330	0
100415	105	2010	1152495	472089	680406	200	32108	200	0	3729174	1240	4915217	26250	10280	6638	0	166900	26552	258882	0
100416	106	2010	1235091	473465	761626	40	53488	40	0	3481634	1480	4771733	17780	4040	0	0	173576	39828	225692	0
100419	109	2010	631657	179422	452235	240	22672	240	0	1875420	40	2530029	17080	4640	0	0	52605	19914	112846	0
100420	110	2010	1435914	890675	545239	120	22667	120	0	3571466	1040	5031207	90085	1480	0	0	91795	13276	238968	0
100421	111	2010	1379279	369896	1009383	40	27746	40	6638	3322430	880	4737013	45671	2440	0	0	54275	19914	152674	0
100422	112	2010	1872933	1426690	446243	40	20516	40	0	3893812	200	5787501	137432	3080	0	0	48430	13276	305348	0
100423	113	2010	699049	482603	216446	80	41850	80	0	2135664	2200	2878843	36034	1520	0	0	26688	33190	112846	0
100426	116	2010	658824	300834	357990	80	37192	80	6638	1801326	1600	2507340	91761	1120	0	0	11913	26552	159312	0
100427	117	2010	621182	295958	325224	120	26814	120	0	2760394	1920	3410430	67878	720	0	0	9686	19914	179226	0
100428	118	2010	848298	405033	443265	0	36832	0	0	3046330	1320	3932780	71230	0	0	0	11913	26552	112846	0
100429	119	2010	688506	307634	380872	40	18296	40	0	3098594	720	3806156	97208	480	0	0	1560	13276	126122	420
100430	120	2010	701068	290918	410150	40	17118	40	6638	2734262	1320	3462126	46928	720	0	0	480	6638	232330	0
100503	123	2010	719520	364659	354861	0	22781	0	0	3555104	1320	4298725	204472	0	0	0	280	13276	225692	0
100504	124	2010	390596	221658	168938	0	42460	0	0	2461464	1040	2895560	74582	0	0	0	80	33190	292072	0
100505	125	2010	775416	334779	440637	0	41381	0	0	5158244	1880	5976921	299166	0	0	0	0	33190	577506	0
100506	126	2010	628710	263967	364743	80	31062	80	0	4721814	1400	5383066	306289	0	0	0	200	19914	504488	0
100510	130	2010	247289	90334	156955	0	35143	0	0	3438780	1440	3722652	141203	0	0	0	0	26552	458022	0
100511	131	2010	99406	41258	58148	0	39972	0	6638	2947180	1280	3095316	46090	0	0	0	0	26552	219054	0
100512	132	2010	124913	49340	75573	0	19036	0	0	3011962	1960	3157871	69973	0	0	0	0	13276	318624	420
100514	134	2010	41800	24840	16960	0	20756	0	0	1785530	740	1848826	15120	0	0	0	0	13276	292072	0
100517	137	2010	66552	36060	30492	0	36392	0	0	1809644	360	1912948	28492	0	0	0	0	26552	391642	0
100518	138	2010	30201	22041	8160	0	13786	0	0	2730944	880	2775811	7200	0	0	0	0	6638	152674	0
100519	139	2010	235013	192572	42441	0	8956	0	0	3311202	160	3555331	41481	0	0	0	0	6638	212416	0
100520	140	2010	60167	53377	6790	0	27163	0	0	1986921	480	2074731	5950	0	0	0	0	16595	232330	0
100521	141	2010	95691	88681	7010	0	24763	0	0	3707952	860	3829266	6230	0	0	0	0	13276	544316	0
100525	145	2010	8760	5200	3560	0	18777	0	0	1302817	1120	1331474	2760	0	0	0	0	9957	209097	0
100526	146	2010	5640	4020	1620	0	24056	0	0	1423100	1980	1454776	1520	0	0	0	0	13276	205778	0
100527	147	2010	74486	60716	13770	20	13423	20	0	1897155	920	1986004	13230	0	0	0	0	6638	219054	0
100528	148	2010	14145	13105	1040	20	15565	20	0	2143025	1660	2174415	1020	0	0	0	0	3319	328581	0
100531	151	2010	7509	6189	1320	0	6233	0	0	2463480	380	2477602	1200	0	0	0	0	3319	653843	0
100601	152	2010	94734	93414	1320	0	30023	0	0	2294712	8400	2427869	1120	0	0	0	0	19914	438108	0
100602	153	2010	34960	34640	320	0	25244	0	0	2200250	8024	2268478	320	0	0	0	0	13276	391642	0
100603	154	2010	56935	55995	940	20	8013	20	0	2322905	4800	2392673	280	0	0	0	0	0	355133	0
100604	155	2010	128688	128448	240	0	29459	0	6638	2327359	21896	2514040	200	0	0	0	0	13276	255563	0
100607	158	2010	146672	146492	180	0	16306	0	0	2655323	6556	2824857	120	0	0	0	0	0	308667	0
100608	159	2010	290184	289984	200	0	31096	0	0	1942355	7667	2271302	40	0	0	0	0	3319	275477	0
100609	160	2010	120397	120117	280	0	57606	0	6638	1884871	3440	2072952	20	0	0	0	0	16595	331900	0
100610	161	2010	135187	131568	3619	0	29755	0	6638	2050070	3680	2225330	140	0	0	0	0	16595	302029	0
100611	162	2010	138732	127972	10760	0	21258	0	6638	1803303	1520	1971451	100	0	0	0	0	6638	275477	0
100614	165	2010	85646	81427	4219	0	21921	0	9957	2478170	760	2596454	2440	0	0	0	0	3319	308667	0
100615	166	2010	617492	616172	1320	0	33174	0	19914	2804047	340	3474967	440	0	0	0	0	19914	302029	0
100616	167	2010	408708	406109	2599	20	35353	20	13276	2703220	220	3162473	1340	120	0	0	0	23233	202459	0
100617	168	2010	97947	96748	1199	0	50933	0	0	1809373	540	1958793	140	0	0	0	0	26552	162631	0
100618	169	2010	429832	429232	600	0	53240	0	6638	2354565	200	2844475	100	0	0	0	0	33190	225692	0
100621	172	2010	483818	481639	2179	20	54473	20	26552	2209946	520	2775329	1080	580	0	0	0	36509	258882	0
100622	173	2010	230195	226658	3537	0	31237	0	39828	2838485	380	3140125	280	160	0	0	0	13276	292072	0
100623	174	2010	27312	24213	3099	0	91392	0	39828	3357273	0	3515805	960	240	0	0	0	63061	471298	0
100624	175	2010	505485	500509	4976	40	77591	40	6638	2890972	520	3481246	140	0	0	0	0	19914	604058	0
100625	176	2010	213460	202411	11049	40	155121	40	19914	3936284	900	4325719	300	0	0	0	0	92932	736818	0
100628	179	2010	87975	80235	7740	80	70861	80	26552	2779865	1460	2966793	100	0	0	0	0	23233	471298	0
100629	180	2010	181565	169292	12273	40	57340	40	66380	2816745	360	3122430	140	280	0	0	0	26552	348495	0
100630	181	2010	45676	37116	8560	240	125866	240	58590	5936126	2360	6168858	40	760	0	0	0	78120	1080660	0
100701	182	2010	35289	19293	15996	80	121046	80	73018	6052635	1640	6283708	120	2720	0	0	0	66380	770008	0
100702	183	2010	166556	136762	29794	160	120942	160	99570	5963662	1000	6351890	40	640	13276	0	0	92932	1088632	1678
100705	186	2010	514536	428223	86313	120	180377	120	73018	5737700	13416	6519167	120	2000	0	0	0	112846	1141736	559
100706	187	2010	809202	713356	95846	0	94298	0	59742	5841538	4640	6809420	40	4880	6638	0	0	39828	1420532	0
100707	188	2010	170315	94893	75422	40	138134	40	66380	7309992	2440	7687301	200	5520	6638	0	0	53104	1692690	3356
100708	189	2010	399307	258031	141276	240	210650	240	79656	5909818	4680	6604351	160	6640	26552	0	0	106208	1261220	1678
100709	190	2010	1680907	1497991	182916	80	159096	80	112846	6259757	2680	8215366	0	2960	13276	0	0	86294	776646	1678
100712	193	2010	1383064	881336	501728	0	128376	0	126122	5669444	4520	7311526	0	3640	6638	0	0	59742	564230	0
100713	194	2010	328102	97124	230978	40	114488	40	53104	4891776	2360	5389870	80	2800	0	0	0	26552	424832	0
100714	195	2010	402038	78096	323942	40	140074	40	73018	4949364	18850	5583384	80	4640	13276	0	0	59742	643886	559
100715	196	2010	301351	60034	241317	0	119335	0	33190	4259850	4360	4718086	240	1600	6638	0	0	79656	424832	0
100716	197	2010	210865	51561	159304	40	76371	40	0	3450503	5240	3743019	240	3280	0	0	0	59742	365090	0
100719	200	2010	116647	43654	72993	40	80969	40	13276	3643494	3320	3857746	0	320	0	0	0	59742	318624	559
100720	201	2010	141524	53517	88007	120	47083	120	13276	3623440	4960	3830403	0	160	6638	0	0	13276	305348	0
100721	202	2010	81406	22578	58828	40	68428	40	33190	3070782	5880	3259726	0	0	0	0	0	39828	331900	0
100722	203	2010	157582	68176	89406	40	221398	40	86294	4239683	25106	4730103	40	280	6638	0	0	86294	331900	0
100723	204	2010	118854	52620	66234	0	168206	0	19914	3804553	21892	4133419	0	600	6638	0	0	119484	424832	0
100726	207	2010	195230	15823	179407	80	124672	80	53104	3677279	2840	4053205	40	9640	0	0	0	66380	292072	0
100727	208	2010	240002	35335	204667	80	113855	80	53104	4054880	3880	4465801	0	15280	6638	0	0	73018	278796	0
100728	209	2010	214616	7672	206944	0	130934	0	79656	3935692	1560	4362458	0	7960	0	0	0	92932	252244	0
100729	210	2010	142917	49492	93425	0	83075	0	92932	4215131	1000	4535055	200	9720	0	0	0	66380	219054	0
100730	211	2010	109929	8067	101862	0	50252	0	26552	4211917	760	4399410	280	18400	0	0	0	39828	219054	0
100802	214	2010	300746	15714	285032	0	129748	0	66380	4193044	400	4690318	0	20280	6638	0	0	112846	411556	0
100803	215	2010	280028	25348	254680	0	137785	0	66380	5091321	360	5575874	80	9040	0	0	0	119484	438108	0
100804	216	2010	662545	9230	653315	0	180120	0	46466	4748810	200	5638141	0	26560	0	0	0	146036	318624	0
100805	217	2010	482535	3300	479235	0	36592	0	0	4162774	40	4681941	0	11720	0	0	0	26552	245606	0
100806	218	2010	393820	14346	379474	40	75306	40	0	3552366	200	4021732	400	198550	0	0	0	33190	557592	0
100809	221	2010	815205	30569	784636	0	186943	0	26552	4190922	1480	5221102	840	566965	0	0	0	132760	345176	839
100810	222	2010	949549	64611	884938	0	130507	0	39828	5290387	720	6410991	1880	607880	0	0	0	112846	477936	0
100811	223	2010	1090175	83993	1006182	0	183911	0	26552	5069616	320	6370574	480	754388	0	0	0	159312	404918	0
100812	224	2010	665014	39398	625616	0	263184	0	0	4791698	3560	5723456	120	467320	0	0	0	192502	305348	0
100813	225	2010	672808	22058	650750	0	236967	0	0	4351912	760	5262447	480	551100	6638	0	0	185864	185864	0
100816	228	2010	766249	67488	698761	0	196958	0	0	4679074	1600	5643881	1120	336519	0	0	0	73018	252244	8390
100817	229	2010	581134	71056	510078	0	242614	0	0	4014978	5480	4844206	1240	310248	0	0	0	106208	192502	3356
100818	230	2010	414128	32768	381360	0	243524	0	13276	4758212	1880	5431020	1160	220454	0	0	0	53104	219054	0
100819	231	2010	349294	57144	292150	0	363285	0	6638	4735855	1600	5456672	1840	152205	0	0	0	79656	225692	0
100820	232	2010	422004	62416	359588	0	652372	0	0	4816942	680	5891998	1000	229906	0	0	0	106208	165950	0
100823	235	2010	439190	177772	261418	0	364954	0	19914	3736108	240	4560406	880	161796	0	0	0	26552	139398	0
100824	236	2010	78411	20450	57961	0	484556	0	0	4624870	559	5188396	400	4600	0	0	0	66380	199140	0
100825	237	2010	87761	31533	56228	0	430066	0	19914	5047841	280	5585862	3000	22280	0	0	0	59742	165950	0
100826	238	2010	539530	284108	255422	0	244822	0	13276	4921176	40	5718844	1040	120000	0	0	0	79656	192502	1678
100827	239	2010	218881	94825	124056	0	1341010	0	0	4693115	160	6253166	2080	35840	0	0	0	46466	132760	0
100830	242	2010	115586	56039	59547	0	199540	0	6638	3665574	40	3987378	600	12040	0	0	0	19914	152674	559
100831	243	2010	175486	126902	48584	0	730152	0	0	4124542	0	5030180	640	17400	0	0	0	19914	146036	0
100901	244	2010	189232	102418	86814	0	305588	0	0	4244322	1798	4740940	360	17760	0	0	0	33190	152674	0
100902	245	2010	160456	84630	75826	40	277118	40	0	3753036	160	4190810	160	31760	0	0	0	6638	112846	1678
100903	246	2010	226228	95904	130324	0	609718	0	0	3738304	320	4574570	0	71520	0	0	0	0	112846	0
100906	249	2010	161548	40359	121189	0	1427850	0	0	3224982	800	4815180	80	86560	0	0	0	26552	146036	3356
100907	250	2010	307835	31690	276145	80	720975	80	0	3196752	1279	4226921	120	193766	0	0	0	26552	199140	839
100908	251	2010	274664	46407	228257	0	366064	0	0	3611492	400	4252620	320	154012	0	0	0	19914	79656	0
100909	252	2010	107815	54748	53067	40	786163	40	0	3376297	2916	4273231	160	30880	0	0	0	19914	92932	0
100910	253	2010	140234	52814	87420	0	151916	0	0	2554196	1080	2847426	160	46720	0	0	0	19914	92932	420
100913	256	2010	90832	54448	36384	0	102391	0	0	3119992	160	3313375	120	11960	0	0	0	39828	59742	0
100914	257	2010	81608	49070	32538	0	198710	0	0	3903292	440	4184050	100	5840	0	0	0	26552	73018	0
100915	258	2010	113381	78814	34567	0	85717	0	0	2275455	440	2474993	80	5140	0	0	0	26552	69699	0
100916	259	2010	17240	7840	9400	0	45734	0	0	1369989	40	1433003	120	2880	0	0	0	19914	9957	280
100917	260	2010	90719	48799	41920	0	25698	0	0	1984127	160	2100704	320	3320	0	0	0	6638	53104	0
100920	263	2010	86398	35318	51080	0	37117	0	0	2045392	1300	2170207	300	2100	0	0	0	9957	46466	280
100921	264	2010	142665	95723	46942	0	25948	0	0	2274946	680	2444239	160	1940	0	0	0	19914	36509	0
100922	265	2010	116975	50583	66392	20	28989	20	0	2420234	860	2567078	60	1220	0	0	0	16595	63061	419
100923	266	2010	73495	20206	53289	0	30895	0	0	2081568	1180	2187138	20	300	0	0	0	9957	63061	839
100927	270	2010	45976	27916	18060	0	27417	0	0	2422276	320	2495989	60	0	0	0	0	9957	59742	1120
100928	271	2010	62036	40226	21810	0	17258	0	0	1345368	240	1424902	60	200	0	0	0	6638	43147	210
100929	272	2010	70116	25176	44940	40	59888	40	0	2412039	480	2542563	140	1260	0	0	0	39828	126122	1400
100930	273	2010	52459	16479	35980	0	26615	0	0	2075140	320	2154534	80	1480	0	0	0	16595	102889	280
101001	274	2010	87065	59675	27390	0	15607	0	0	2692042	380	2795094	120	780	0	0	0	9957	106208	0
101004	277	2010	64177	49008	15169	0	16206	0	0	1350664	40	1431087	20	140	0	0	0	13276	56423	0
101005	278	2010	69323	39154	30169	0	7289	0	0	1570348	260	1647220	40	1120	3319	0	0	3319	106208	0
101006	279	2010	35680	13980	21700	0	6579	0	0	1014185	330	1056774	20	3160	0	20	0	3319	79656	0
101007	280	2010	51464	34854	16610	0	18425	0	0	1284704	350	1354943	180	2780	0	0	0	16595	96251	0
101011	284	2010	59785	39415	20370	0	13657	0	0	1315205	120	1388767	280	3940	0	0	0	9957	59742	0
101012	285	2010	97764	60874	36890	0	10168	0	0	1593704	100	1701736	220	7860	0	0	0	6638	129441	0
101013	286	2010	66765	41135	25630	0	11208	0	210	1468550	330	1547063	240	3600	0	0	0	6638	99570	0
101014	287	2010	50733	37293	13440	0	4279	0	0	1262941	100	1318053	100	1320	0	0	0	3319	109527	0
101018	291	2010	34980	9910	25070	0	7949	0	0	1561692	390	1605011	180	1640	0	0	0	3319	92932	630
101019	292	2010	44986	26706	18280	0	21575	0	0	2160541	60	2227162	220	680	0	0	0	16595	109527	0
101021	294	2010	14170	7070	7100	0	10658	0	0	1786124	40	1810992	180	180	0	0	0	6638	39828	0
101022	295	2010	25950	13620	12330	0	15886	0	0	1976526	20	2018382	240	920	0	0	0	13276	69699	210
101025	298	2010	22959	10079	12880	0	9798	0	0	1547325	0	1580082	360	780	0	0	0	6638	79656	0
101026	299	2010	27469	12799	14670	0	15906	0	0	1777176	0	1820551	340	100	0	0	0	13276	76337	0
101027	300	2010	25195	10859	14336	0	16192	0	0	1614499	0	1655886	200	0	0	0	0	13276	96251	208
101028	301	2010	28130	11440	16690	0	17836	0	0	2161591	20	2207577	240	340	0	0	0	13276	112846	0
101029	302	2010	16690	7250	9440	0	19205	0	0	1721173	20	1757088	80	180	0	0	0	16595	106208	0
101101	305	2010	34790	13790	21000	0	18696	0	0	1571818	0	1625304	80	1620	0	0	0	13276	126122	210
101102	306	2010	56919	22670	34249	0	26414	0	0	2098320	180	2181833	120	820	0	40	0	19914	89613	0
101104	308	2010	18570	6720	11850	0	12918	0	0	2078406	140	2110034	100	240	0	0	0	6638	112846	210
101105	309	2010	17319	9159	8160	20	12768	20	0	1495691	100	1525898	40	140	0	80	0	6638	106208	0
101108	312	2010	14950	7400	7550	0	10678	0	0	1631391	0	1657019	220	120	0	80	0	6638	109527	0
101109	313	2010	26329	16359	9970	0	7839	0	0	2060971	60	2095199	140	220	0	40	0	3319	102889	0
101110	314	2010	29355	23815	5540	0	13956	0	0	1746354	80	1789745	40	760	0	20	0	13276	96251	20
101111	315	2010	33638	20858	12780	0	21445	0	0	2101009	0	2156092	200	300	0	0	0	16595	119484	0
101115	319	2010	45072	35063	10009	0	10218	0	0	1908297	80	1963667	220	0	0	20	0	6638	79656	0
101116	320	2010	43023	36393	6630	0	19756	0	0	2363840	20	2426639	140	100	0	0	0	13276	119484	0
101117	321	2010	18169	13499	4670	0	21435	0	0	1835530	40	1875174	180	0	0	0	0	16595	119484	0
101118	322	2010	24319	18849	5470	0	18316	0	0	1481196	0	1523831	480	0	0	0	0	13276	79656	0
101119	323	2010	107915	102245	5670	0	11398	0	210	1519134	0	1638657	100	0	0	0	0	6638	96251	0
101122	326	2010	111756	105926	5830	0	8359	0	0	1311466	0	1431581	120	0	0	0	0	3319	112846	0
101123	327	2010	124678	119961	4717	0	15325	0	0	1299857	0	1439860	60	0	0	0	0	9957	79656	0
101124	328	2010	123676	120416	3260	0	22075	0	0	1902948	0	2048699	80	0	0	0	0	16595	122803	0
101125	329	2010	53809	50059	3750	0	13717	0	0	1535099	0	1602625	0	0	0	0	0	9957	63061	0
101126	330	2010	178334	172104	6230	0	16337	0	0	1706888	210	1902609	120	0	0	20	0	9957	99570	0
101202	336	2010	185592	178272	7320	0	13298	0	0	2322752	40	2522522	140	0	0	0	0	6638	112846	0
101203	337	2010	57027	52897	4130	0	15616	0	210	2627890	60	2700803	180	0	0	0	0	13276	146036	0
101206	340	2010	127959	121399	6560	0	23045	0	0	2125292	0	2276296	40	0	0	0	0	16595	142717	0
101207	341	2010	94090	88430	5660	0	18096	0	0	2073197	210	2185593	100	0	0	0	0	13276	89613	0
101208	342	2010	84091	81041	3050	0	13087	0	0	1609966	0	1707984	60	0	0	0	0	9957	86294	0
101210	344	2010	95448	91468	3980	0	35771	0	420	1919053	420	2051112	80	0	0	0	0	29871	63061	0
101213	347	2010	69929	63569	6360	0	16337	0	0	2069219	0	2155485	140	0	0	0	0	9957	86294	0
101214	348	2010	16330	12530	3800	0	7079	0	0	2036688	0	2060097	60	0	0	0	0	3319	92932	0
101215	349	2010	52047	45148	6899	0	17415	0	0	2088091	0	2157553	100	0	0	20	0	16595	69699	0
101216	350	2010	24875	22075	2800	0	13896	0	0	1888951	0	1927722	260	0	0	0	0	13276	69699	0
101217	351	2010	77542	74362	3180	0	9332	0	0	2208844	0	2299070	60	0	0	0	0	6638	102889	0
101220	354	2010	25195	22915	2280	0	15598	0	0	2284394	20	2326887	140	0	0	0	0	6638	109527	0
101221	355	2010	16788	14298	2490	0	17457	0	0	1904599	100	1939784	140	0	0	0	0	9957	106208	0
101222	356	2010	23007	17937	5070	0	10828	0	0	2043116	40	2076991	80	0	0	0	0	6638	92932	0
101228	362	2010	878379	871720	6659	0	16617	0	0	1987276	0	2882272	160	0	0	0	0	6638	76337	0
101229	363	2010	87567	84897	2670	0	7759	0	0	1874897	0	1970223	100	0	0	0	0	3319	59742	0
101230	364	2010	59149	56689	2460	0	9948	0	0	1773017	0	1842114	40	0	0	40	0	6638	69699	0
110103	3	2011	68526	65986	2540	0	13947	0	0	1779865	0	1862338	80	0	0	0	0	9957	76337	0
110104	4	2011	92608	89588	3020	0	16086	0	0	2149744	0	2258438	60	0	0	20	0	13276	76337	0
110105	5	2011	8000	5080	2920	0	17716	0	6638	3922300	0	3954654	0	0	0	0	0	13276	112846	0
110106	6	2011	26038	17609	8429	0	22184	0	0	2351363	0	2399585	40	200	0	0	0	19914	76337	0
110107	7	2011	9210	5990	3220	0	18106	0	0	1943126	0	1970442	40	0	0	0	0	13276	43147	0
110110	10	2011	6450	3600	2850	0	3200	0	7058	1667229	270	1684207	100	0	0	0	0	0	69699	0
110111	11	2011	10350	4720	5630	0	19996	0	0	1438469	40	1468855	40	0	0	40	0	13276	76337	0
110112	12	2011	10429	3220	7209	0	28744	0	7478	2013706	0	2060357	40	0	0	0	0	19914	112846	0
110113	13	2011	20620	14830	5790	0	35411	0	6638	2413794	20	2476483	120	0	0	0	0	29871	102889	0
110114	14	2011	4830	2670	2160	0	19366	0	210	2205788	0	2230194	0	0	0	0	0	13276	76337	0
110117	17	2011	12238	9768	2470	840	24575	0	210	2511136	20	2549019	40	0	0	0	0	16595	76337	0
110118	18	2011	7040	5150	1890	0	16157	0	3529	2101260	40	2128026	60	0	0	0	0	9957	66380	0
110119	19	2011	13129	6620	6509	0	24155	0	210	2087185	80	2124759	20	0	0	0	0	16595	96251	0
110120	20	2011	21586	20296	1290	840	27194	0	3529	2451476	20	2504645	80	0	0	0	0	19914	86294	0
110121	21	2011	14679	10659	4020	0	27793	0	0	2342579	0	2385051	80	0	0	0	0	23233	66380	0
110124	24	2011	23758	20158	3600	1120	30155	0	0	2440032	60	2495125	180	0	0	0	0	16595	76337	0
110125	25	2011	21678	16858	4820	0	35172	0	0	2651287	20	2708157	100	0	0	0	0	26552	86294	0
110126	26	2011	10510	8850	1660	840	28304	0	210	1996522	140	2036526	80	0	0	0	0	19914	66380	0
110127	27	2011	34877	24482	10395	0	18532	0	3738	2979017	160	3036324	140	0	0	0	0	6638	96251	0
110128	28	2011	8360	6280	2080	840	24096	0	0	3111228	440	3144964	40	0	0	0	0	13276	126122	0
110131	31	2011	10759	9379	1380	0	21856	0	0	3281897	80	3314592	40	0	0	0	0	13276	96251	0
110201	32	2011	11080	7160	3920	0	27354	0	0	2278719	180	2317333	40	0	0	0	0	19914	73018	0
110202	33	2011	20078	18658	1420	0	26294	0	0	2441070	340	2487782	40	0	0	0	0	19914	73018	0
110203	34	2011	6900	6180	720	0	29434	20	0	2242490	260	2279104	0	0	0	0	0	19914	79656	0
110207	38	2011	34374	30674	3700	1120	15637	0	0	2893813	120	2945064	160	0	0	0	0	9957	99570	0
110209	40	2011	9580	6200	3380	0	22315	0	280	2883296	280	2915751	300	0	0	0	0	16595	82975	0
110210	41	2011	8860	6960	1900	0	8899	0	0	2765253	600	2783612	160	0	0	0	0	3319	89613	0
110211	42	2011	17508	15478	2030	0	14947	0	0	2581926	180	2614561	80	0	0	0	0	9957	76337	0
110215	46	2011	34594	33774	820	0	34851	0	0	3006461	420	3076326	20	0	0	0	0	29871	112846	0
110216	47	2011	17676	16616	1060	0	21825	0	0	2091554	160	2131215	40	0	0	0	0	16595	66380	0
110217	48	2011	4500	4460	40	0	1880	0	0	797692	580	804652	0	0	0	0	0	0	39828	0
110218	49	2011	1700	1260	440	0	13397	0	0	1792745	100	1807942	0	0	0	0	0	9957	73018	560
110221	52	2011	355471	354731	740	0	27049	20	3319	2222237	160	2608256	20	0	0	0	0	23233	46466	0
110222	53	2011	89182	88222	960	0	21855	0	0	2575469	120	2686626	0	0	0	0	0	16595	139398	0
110223	54	2011	2910	2010	900	0	24734	0	0	1411077	420	1439141	0	0	0	0	0	19914	63061	0
110224	55	2011	4120	2060	2060	0	12787	0	0	1816835	360	1834102	0	0	0	20	0	9957	56423	0
110225	56	2011	162041	161021	1020	0	10098	0	0	1408977	160	1581276	0	0	0	0	0	6638	73018	0
110228	59	2011	10948	8948	2000	0	12557	0	0	1529511	60	1553076	60	0	0	0	0	9957	53104	0
110301	60	2011	179793	178553	1240	0	15266	0	0	2481977	840	2677876	0	0	0	80	0	13276	92932	0
110302	61	2011	211336	209976	1360	0	4297	0	3319	2218900	380	2438232	0	0	0	0	0	3319	69699	0
110303	62	2011	20545	19095	1450	0	18875	0	6638	2239690	1320	2287068	0	0	0	0	0	16595	69699	0
110304	63	2011	28933	28593	340	0	14257	0	0	2235613	1080	2279883	0	0	0	0	0	9957	129441	0
110307	66	2011	1190	1150	40	840	13287	0	0	2345939	580	2361836	0	0	0	0	0	9957	89613	0
110309	68	2011	9368	8308	1060	0	8748	20	0	2562683	590	2581409	0	0	0	0	0	6638	132760	0
110310	69	2011	14437	13357	1080	0	23564	20	0	2983735	380	3022136	0	0	0	0	0	19914	136079	0
110314	73	2011	19795	19375	420	0	9398	0	0	2647770	1900	2678863	0	0	0	0	0	6638	112846	0
110315	74	2011	27216	26256	960	0	4499	0	0	2897214	320	2929249	140	0	0	0	0	3319	116165	0
110316	75	2011	16750	11512	5238	0	9691	0	0	2669997	180	2696618	40	0	0	0	0	6638	63061	0
110317	76	2011	39492	38112	1380	0	8758	0	0	2928724	320	2977294	60	0	0	0	0	6638	139398	0
110318	77	2011	33959	32719	1240	0	15145	0	0	3251340	700	3301144	120	0	0	0	0	9957	192502	0
110321	80	2011	52164	50504	1660	0	8773	0	0	3229103	400	3290440	0	0	0	0	0	3319	129441	0
110322	81	2011	44510	41713	2797	0	15385	0	13276	3996119	980	4070270	80	0	0	0	0	9957	132760	0
110323	82	2011	35951	33831	2120	0	20291	20	0	3596821	700	3653783	80	0	0	0	0	16595	136079	0
110324	83	2011	137803	136783	1020	0	15724	40	0	3058000	900	3212467	260	0	0	0	0	9957	116165	0
110325	84	2011	44061	43141	920	0	16093	80	0	3413474	680	3474388	300	0	0	0	0	13276	192502	0
110328	87	2011	299936	299176	760	0	30248	20	0	3599227	540	3929971	80	0	0	0	0	26552	152674	0
110329	88	2011	148754	147574	1180	0	18764	120	6638	3451550	1260	3627086	260	0	0	0	0	6638	162631	0
110330	89	2011	203980	202720	1260	0	55914	40	0	3700401	3640	3963975	0	380	0	0	0	39828	155993	0
110331	90	2011	94614	93494	1120	0	46311	140	6918	3678218	1260	3827461	160	0	0	0	0	29871	146036	0
110401	91	2011	106628	103668	2960	0	39940	20	0	3383788	3380	3533756	60	1060	0	0	0	29871	189183	0
110404	94	2011	167031	161572	5459	0	28262	180	0	3659524	300	3855297	500	920	0	0	0	16595	175907	839
110405	95	2011	382164	373644	8520	0	50952	20	0	3069865	360	3503361	620	1560	0	0	0	36509	215735	0
110406	96	2011	131978	122698	9280	0	27705	20	9957	3145252	1020	3315932	1600	1980	0	20	0	19914	106208	0
110407	97	2011	324526	315626	8900	0	38681	0	0	3326156	740	3690103	440	3080	0	0	0	29871	192502	0
110411	101	2011	395165	368826	26339	3356	130128	580	9957	4105479	940	4645605	3120	4400	0	0	0	69699	132760	4195
110412	102	2011	86262	60722	25540	0	55298	520	3319	4370703	200	4516302	3640	6180	0	0	280	26552	126122	0
110413	103	2011	96454	58619	37835	0	60164	160	0	3974644	200	4131622	3500	4180	0	0	800	39828	165950	0
110414	104	2011	1062533	982109	80424	0	119101	40	839	7283613	1280	8467406	8000	13960	0	0	1520	92932	444746	1678
110415	105	2011	253027	88170	164857	0	208910	400	19914	7542988	3640	8028879	7640	26840	0	0	1400	132760	464660	6712
110418	108	2011	311774	112300	199474	0	125836	320	46466	6948504	1960	7434860	24480	32080	0	40	16320	73018	411556	25170
110419	109	2011	448360	227162	221198	0	169300	240	26552	8223000	5398	8872850	42000	28880	0	0	27160	112846	438108	52018
110420	110	2011	508356	257856	250500	0	130482	200	19914	8310010	2358	8971320	63700	28080	0	0	27760	86294	351814	13424
110421	111	2011	416796	126546	290250	0	85740	160	6638	5818268	840	6328442	61174	28480	0	0	18183	46466	351814	1678
110426	116	2011	822739	122120	700619	0	68480	120	0	5632108	480	6523927	435441	32840	0	0	44160	46466	258882	11746
110427	117	2011	440815	125388	315427	0	81106	160	0	6108958	1040	6632079	81270	6560	0	0	91751	46466	285434	58730
110428	118	2011	293987	104400	189587	0	61358	40	0	5453770	840	5809995	93856	10320	0	0	32395	33190	265520	87256
110429	119	2011	248393	71966	176427	0	31541	80	6638	3286007	600	3573259	123605	5520	0	0	15030	19914	185864	15941
110502	122	2011	270057	56754	213303	0	51974	0	13276	3488799	1240	3825346	140784	11640	0	80	4920	39828	205778	32721
110503	123	2011	244749	59857	184892	0	47166	40	0	4794315	640	5086910	127795	4960	0	0	5120	33190	318624	40248
110504	124	2011	107036	30778	76258	0	63167	0	13276	4226530	520	4410529	38220	9800	0	0	5720	46466	272158	57052
110505	125	2011	127354	89930	37424	0	33705	40	0	4259029	1120	4421248	9840	2280	0	0	5800	26552	192502	74671
110506	126	2011	146274	8510	137764	0	92682	160	6638	4770130	1360	5017244	4680	3200	0	0	5720	79656	265520	117460
110509	129	2011	108735	25760	82975	0	28675	0	0	2391605	980	2529995	1060	420	0	0	1380	19914	182545	100680
110510	130	2011	16703	4649	12054	0	22664	20	9957	2166630	3260	2219234	260	1420	0	0	640	16595	202459	129206
110511	131	2011	22149	1297	20852	0	25017	0	9957	2475318	1280	2533721	60	4200	0	0	380	16595	189183	166122
110512	132	2011	25925	18895	7030	0	34416	20	13276	2783294	1200	2858131	240	780	0	0	0	26552	219054	291972
110513	133	2011	26850	22674	4176	0	26288	0	9957	3435487	740	3499322	460	760	0	20	0	23233	494531	399364
110516	136	2011	19983	10151	9832	0	73074	0	3319	3316074	2019	3414469	1880	380	0	20	0	66380	238968	352380
110517	137	2011	17124	5274	11850	0	66274	0	13276	3090123	1939	3188736	1100	600	0	0	0	56423	212416	335600
110518	138	2011	7898	4238	3660	0	46422	0	3319	3241379	1699	3300717	260	1620	0	0	160	39828	278796	130884
110519	139	2011	37524	4375	33149	0	52313	20	6638	2991714	2000	3090209	100	1420	3319	20	0	36509	162631	61247
110520	140	2011	24428	9232	15196	0	64641	0	13276	2911688	820	3014853	20	440	0	0	0	39828	149355	10068
110524	144	2011	20680	17000	3680	0	25476	0	36929	2643809	600	2727494	1060	0	0	0	0	13276	96251	0
110525	145	2011	12081	8301	3780	0	39138	0	3319	3471552	1019	3527109	560	120	0	0	0	23233	162631	419
110526	146	2011	28443	19503	8940	0	55657	0	18273	3952287	220	4054880	560	0	0	0	0	46466	155993	0
110527	147	2011	14310	8470	5840	0	32566	0	43147	3670863	979	3761865	540	0	0	0	0	26552	142717	0
110530	150	2011	25166	13269	11897	0	66244	0	56633	3523166	1520	3672729	260	0	9957	0	0	53104	159312	0
110531	151	2011	35811	8578	27233	0	30677	0	30151	4142815	1360	4240814	80	0	23233	0	0	9957	159312	0
110601	152	2011	157147	55324	101823	0	51104	0	23233	5229046	2417	5462947	160	180	96251	0	0	39828	238968	0
110603	154	2011	40640	4135	36505	0	81890	0	29295	4251998	2810	4406633	140	0	35805	0	0	65100	188790	0
110606	157	2011	58408	2694	55714	0	80846	0	19914	3517390	21230	3697788	80	0	13276	0	0	56423	209097	0
110607	158	2011	44711	1460	43251	0	58190	40	13276	3586750	14496	3717463	0	0	0	0	0	33190	165950	0
110608	159	2011	46238	2080	44158	0	44733	0	23233	2948037	10140	3072381	60	0	0	0	0	23233	199140	0
110609	160	2011	37875	2360	35515	0	34375	20	29871	3021738	10340	3134219	0	0	0	0	0	16595	182545	0
110610	161	2011	26143	1337	24806	0	46838	40	29871	2395325	9613	2507830	20	0	0	0	0	33190	212416	0
110614	165	2011	4380	1720	2660	0	18936	20	43147	2719434	3920	2789837	40	0	0	0	0	13276	358452	0
110615	166	2011	5199	439	4760	0	35964	220	106208	2795667	3299	2946557	20	0	0	0	0	23233	414875	419
110616	167	2011	30714	18875	11839	0	37711	80	245606	3182450	2280	3498841	80	0	3319	0	0	29871	627291	1400
110617	168	2011	25757	12477	13280	0	71901	40	298710	3430815	4731	3831954	60	0	0	0	0	63061	929320	0
110620	171	2011	25434	20234	5200	0	149495	380	1264539	3331079	57655	4828582	80	0	0	0	0	126122	1048804	0
110621	172	2011	23690	18630	5060	0	48147	480	1902626	3414239	5839	5395021	60	0	0	0	0	26552	527721	839
110622	173	2011	77637	71797	5840	0	43364	580	2066133	3991128	3520	6182362	20	0	0	0	0	16595	564230	839
110623	174	2011	22731	20451	2280	0	27936	600	1490231	2771044	1860	4314402	20	0	0	0	0	9957	421513	839
110624	175	2011	45774	28285	17489	0	36954	340	1155851	3187597	3100	4429616	20	0	3319	0	0	19914	368409	0
110627	178	2011	48911	18747	30164	0	53963	560	381685	2880719	10454	3376292	0	0	0	0	0	29871	408237	3356
110628	179	2011	94961	27876	67085	0	98125	680	287951	3313793	53446	3848956	60	120	0	0	0	46466	826431	0
110629	180	2011	188431	79592	108839	0	120385	1280	617334	6443892	65450	7436772	0	0	6638	0	0	53104	1666138	0
110630	181	2011	170288	108240	62048	0	32220	160	199140	5531354	10100	5943262	280	0	0	0	0	19914	1075356	0
110701	182	2011	551528	436008	115520	0	29336	80	119484	5199142	15715	5915285	200	2160	0	0	0	13276	770008	0
110704	185	2011	2191830	1847005	344825	0	23824	160	33190	5613897	11704	7874605	80	760	0	0	0	13276	318624	0
110705	186	2011	720208	332654	387554	0	24094	40	13276	5488274	5200	6251092	120	240	0	0	0	19914	238968	0
110706	187	2011	705556	54312	651244	0	50668	40	0	4826072	1840	5584176	40	0	0	0	0	39828	192502	0
110707	188	2011	464304	27094	437210	0	71464	40	13696	3865580	3040	4418124	0	680	0	0	0	53104	192502	0
110708	189	2011	1066294	48418	1017876	0	48308	0	26972	4129420	1480	5272474	40	0	0	0	0	39828	165950	0
110711	192	2011	450742	25263	425479	0	72157	120	6638	4015669	480	4545806	40	320	0	0	0	46466	391642	0
110712	193	2011	332396	26706	305690	0	88937	0	19914	3597308	5079	4043634	0	5080	6638	0	0	59742	265520	2236
110713	194	2011	361602	35105	326497	0	61241	0	6638	3125241	280	3555002	120	3640	0	0	0	46466	92932	0
110714	195	2011	171432	7874	163558	0	65611	120	26552	4709377	840	4973932	0	3760	0	0	0	53104	358452	1678
110715	196	2011	347348	12520	334828	0	36552	40	0	3561072	160	3945172	160	3840	0	0	0	26552	165950	420
110718	199	2011	124941	17698	107243	0	51337	20	0	1895313	100	2071711	40	3200	6638	0	0	43147	73018	210
110719	200	2011	152585	32460	120125	0	48010	40	9957	2173338	1019	2384949	0	2120	0	0	0	29871	109527	0
110720	201	2011	66246	2840	63406	0	39332	0	3319	1598843	460	1708200	60	1020	0	0	0	26552	112846	0
110721	202	2011	138827	42692	96135	0	61798	0	0	2031459	240	2232324	0	10980	0	0	0	49785	142717	0
110722	203	2011	172554	67890	104664	0	31258	20	13276	2571941	120	2789169	0	10000	3319	0	0	16595	155993	0
110725	206	2011	39329	25431	13898	0	47933	20	3319	2966063	300	3056964	100	840	3319	0	0	33190	99570	0
110726	207	2011	58225	38640	19585	0	19914	0	6638	2887022	40	2971839	100	1960	0	0	0	9957	119484	419
110727	208	2011	26786	16772	10014	0	57146	0	3319	2006366	1240	2094857	0	880	0	0	0	36509	122803	0
110728	209	2011	36972	26227	10745	0	15508	20	6638	2198765	240	2258143	60	1460	0	0	0	9957	112846	0
110729	210	2011	121203	57598	63605	0	72325	20	0	2635113	1918	2830579	20	9100	0	0	0	56423	139398	0
110801	213	2011	168769	16299	152470	0	22315	0	0	2201863	20	2392967	0	34400	0	0	0	16595	109527	0
110802	214	2011	494286	37018	457268	0	35902	40	0	3337532	600	3868360	80	44880	0	0	0	26552	205778	1678
110803	215	2011	1269771	46845	1222926	0	44881	160	13835	3864714	120	5193481	0	114532	0	0	0	26552	199140	559
110804	216	2011	1143447	87355	1056092	0	95437	240	13276	3183865	280	4436545	0	82000	0	0	0	53104	132760	1118
110805	217	2011	566311	72376	493935	0	115820	120	21032	3473212	759	4177254	40	36400	0	0	0	66380	159312	559
110808	220	2011	450317	29915	420402	0	59197	240	19914	3328853	160	3858681	0	480	0	0	0	39828	99570	559
110810	222	2011	220606	30393	190213	0	34580	80	0	4213593	80	4468939	200	0	0	0	0	26552	252244	0
110811	223	2011	147698	19393	128305	0	60853	280	6638	5306032	600	5522101	40	0	0	0	0	46466	225692	1678
110812	224	2011	55838	8398	47440	0	36092	80	6638	3582246	120	3681014	80	0	0	0	0	26552	185864	0
110815	227	2011	10099	4179	5920	0	27294	100	13276	1424097	220	1475086	20	0	0	0	0	19914	79656	0
110816	228	2011	17419	4679	12740	0	22235	220	0	1734123	160	1774157	0	40	0	0	0	16595	89613	0
110817	229	2011	20719	5639	15080	0	24195	200	0	1991448	140	2036702	20	0	0	0	0	16595	106208	0
110818	230	2011	23998	4736	19262	0	13046	180	0	1803705	200	1841129	20	240	0	0	0	6638	76337	419
110819	231	2011	27558	14309	13249	0	52350	40	13276	2514864	380	2608468	0	0	0	0	0	33190	102889	0
110822	234	2011	54198	26044	28154	0	49819	160	0	2138065	560	2242802	0	0	3319	0	0	16595	96251	0
110823	235	2011	53967	25970	27997	0	85298	60	3319	2389544	740	2532928	0	200	0	0	0	36509	99570	0
110824	236	2011	14137	4338	9799	0	70245	160	3319	1685040	940	1773841	40	140	0	0	0	26552	86294	0
110825	237	2011	110500	3579	106921	0	93199	80	0	2099224	2219	2305222	0	0	0	0	0	49785	79656	0
110826	238	2011	992282	13735	978547	0	182546	0	6638	2067681	8618	3257765	0	7740	0	0	0	92932	162631	0
110829	241	2011	101826	9207	92619	0	51084	0	0	2275521	460	2428891	20	52624	0	0	0	39828	112846	0
110830	242	2011	101160	35734	65426	0	49248	20	0	2257217	140	2407785	120	36160	0	0	0	39828	109527	0
110831	243	2011	96526	20988	75538	0	31096	20	0	1924832	380	2052854	40	19120	0	0	0	23233	96251	0
110901	244	2011	35899	6679	29220	0	37532	20	3599	1866965	220	1944235	20	6820	0	0	0	26552	66380	560
110902	245	2011	34820	19850	14970	0	20681	100	3319	1780571	779	1840270	80	2340	0	0	0	13276	129441	0
110905	248	2011	47095	19374	27721	0	35674	20	0	1762216	979	1845984	60	1040	0	0	0	16595	119484	0
110906	249	2011	19185	8777	10408	0	41053	0	0	1637303	320	1697861	0	0	0	0	0	23233	109527	0
110908	251	2011	13499	7359	6140	0	28315	0	0	2334903	260	2376977	80	0	0	0	0	16595	99570	0
110909	252	2011	10809	6149	4660	0	25856	0	0	1394564	100	1431329	80	0	0	0	0	13276	69699	0
110912	255	2011	53711	51151	2560	0	27739	0	4576	2170019	539	2256584	0	0	0	0	0	9957	99570	0
110913	256	2011	57005	53065	3940	0	23785	0	6638	1440318	390	1528136	120	680	0	0	0	16595	56423	0
110914	257	2011	41521	37562	3959	0	27618	0	0	1576756	60	1645955	300	0	0	0	0	19914	39828	0
110915	258	2011	72419	70319	2100	0	27112	0	0	1868597	40	1968168	60	0	0	0	0	26552	49785	0
110916	259	2011	16929	9433	7496	0	50518	0	3319	1965917	80	2036763	120	0	0	0	0	36509	69699	0
110919	262	2011	26615	16485	10130	0	43567	40	0	1278950	160	1349332	80	220	0	0	0	23233	106208	0
110920	263	2011	30999	26144	4855	0	25535	0	3319	2317731	0	2377584	0	460	0	0	0	6638	112846	0
110921	264	2011	37894	25955	11939	0	47809	60	3319	1437933	300	1527315	0	260	0	0	0	36509	69699	0
110922	265	2011	14749	7889	6860	0	30053	0	9957	1402841	60	1457660	0	0	0	0	0	23233	73018	0
110926	269	2011	20793	9448	11345	0	31196	100	0	1469456	100	1521645	0	840	0	0	0	23233	86294	0
110927	270	2011	36478	21041	15437	0	33556	40	0	1417444	419	1487937	0	120	0	0	0	26552	96251	0
110928	271	2011	33854	20229	13625	0	29360	120	0	1651836	120	1715290	0	1460	0	0	0	23233	99570	0
110929	272	2011	41703	28513	13190	0	14458	220	0	2125456	100	2181937	40	500	0	0	0	6638	122803	0
111004	277	2011	32776	18616	14160	0	39310	300	6638	2091216	20	2170260	0	2060	0	0	0	33190	92932	0
111005	278	2011	39996	26700	13296	0	11607	60	3319	1796262	20	1851264	20	1760	0	0	0	6638	89613	0
111006	279	2011	20547	10238	10309	0	24044	40	0	1678907	0	1723538	0	160	0	0	0	19914	79656	0
111007	280	2011	23956	12917	11039	0	15696	220	0	1489514	60	1529446	80	40	0	0	0	13276	46466	0
111010	283	2011	61966	48686	13280	0	15656	240	0	2103891	0	2181753	20	0	0	0	0	13276	96251	0
111011	284	2011	28754	19615	9139	0	22014	60	0	1938221	20	1989069	20	0	0	0	0	19914	69699	0
111012	285	2011	10989	5899	5090	0	21424	20	0	2156044	40	2188517	0	0	0	0	0	19914	112846	0
111013	286	2011	22177	12507	9670	0	12827	360	0	1693484	0	1728848	0	240	0	0	0	9957	59742	0
111014	287	2011	20976	12097	8879	0	13538	200	0	1906752	20	1941486	0	0	0	0	0	6638	59742	0
111017	290	2011	31824	20325	11499	0	18425	200	0	1447627	40	1498116	0	0	0	20	0	16595	66380	0
111018	291	2011	20836	15576	5260	0	10638	60	0	1729684	0	1761218	0	0	0	0	0	6638	89613	0
111019	292	2011	33603	25503	8100	0	9508	40	0	2182135	0	2225286	40	0	0	0	0	6638	99570	0
111020	293	2011	33643	25403	8240	0	20585	200	0	1898422	0	1952850	0	60	0	0	0	16595	102889	0
111021	294	2011	15047	7657	7390	0	24280	180	0	2461705	20	2501232	0	120	0	0	0	16595	69699	0
111024	297	2011	16018	5599	10419	0	18696	60	0	2006841	20	2041635	0	60	0	0	0	13276	106208	0
111026	299	2011	47043	26996	20047	0	26840	100	6638	2106572	0	2187193	0	200	0	20	0	19914	165950	0
111027	300	2011	24219	10099	14120	0	36880	120	16595	1403891	40	1481745	0	160	0	0	0	33190	122803	0
111028	301	2011	53672	19537	34135	0	15777	240	19914	1589767	60	1679430	0	100	0	20	0	9957	116165	0
111031	304	2011	19298	5840	13458	0	13398	40	9957	1513150	100	1555943	0	60	0	20	0	6638	146036	560
111101	305	2011	13789	6819	6970	0	12839	20	3529	1882585	140	1912902	0	160	0	20	0	3319	116165	0
111102	306	2011	29816	12218	17598	0	24275	0	0	2002402	60	2056553	0	0	0	0	0	16595	122803	0
111103	307	2011	45569	34451	11118	0	18416	0	6638	1791794	60	1862477	0	0	0	0	0	13276	89613	0
111104	308	2011	17559	7719	9840	0	21915	0	9957	1770154	0	1819585	0	460	0	0	0	16595	76337	0
111107	311	2011	32692	30502	2190	0	17646	0	0	1235882	60	1286280	0	0	0	20	0	13276	86294	0
111108	312	2011	9579	7579	2000	0	25894	0	0	907091	0	942564	0	0	0	0	0	19914	53104	0
111109	313	2011	7999	6079	1920	0	17737	0	0	983988	40	1009764	0	0	0	0	0	9957	79656	0
111110	314	2011	7160	3840	3320	0	34733	0	3879	1432613	0	1478385	0	0	0	0	0	23233	76337	0
111111	315	2011	10289	1970	8319	0	35242	0	6638	1406749	60	1458978	0	300	0	0	0	26552	53104	0
111114	318	2011	26394	23134	3260	0	25735	40	3529	1450946	80	1506724	0	0	0	0	0	16595	66380	0
111115	319	2011	16337	13497	2840	0	36802	0	9957	1873089	100	1936285	0	140	0	0	0	26552	99570	0
111116	320	2011	23826	17496	6330	0	22246	20	0	1507328	80	1553500	0	0	0	0	0	13276	63061	0
111117	321	2011	32973	27053	5920	0	35432	0	3319	1673908	80	1745712	0	0	0	80	0	26552	102889	0
111118	322	2011	16377	12537	3840	0	43720	0	13276	1006369	270	1080012	0	0	0	0	0	33190	82975	210
111121	325	2011	22935	16756	6179	0	53326	0	6638	1016705	520	1100124	0	0	0	0	0	46466	59742	0
111122	326	2011	67352	64412	2940	0	40431	0	3319	1311256	40	1422398	20	0	0	0	0	29871	49785	210
111124	328	2011	38781	32971	5810	0	37082	0	0	1830280	0	1906143	0	0	0	0	0	26552	59742	0
111125	329	2011	58524	56884	1640	0	15127	0	210	1117914	40	1191815	0	0	0	0	0	9957	82975	0
111128	332	2011	11000	2910	8090	0	23424	0	0	1286763	20	1321207	20	0	0	0	0	19914	66380	0
111129	333	2011	30194	23334	6860	0	3220	0	210	1814694	230	1848548	40	0	0	0	0	0	56423	0
111130	334	2011	20977	14737	6240	0	13197	0	3319	1447545	250	1485288	20	0	0	0	0	9957	66380	0
111201	335	2011	18388	11778	6610	0	26683	0	0	1888342	250	1933663	40	0	0	0	0	23233	33190	0
111202	336	2011	33173	27043	6130	0	21035	0	0	1198200	0	1252408	100	0	0	0	0	16595	29871	0
111205	339	2011	26365	20515	5850	0	7489	0	0	1328901	20	1362775	740	0	0	20	0	3319	29871	0
111206	340	2011	7210	3770	3440	0	19815	0	0	1486533	0	1513558	260	0	0	0	0	16595	49785	0
111207	341	2011	19007	10318	8689	0	3700	0	0	1411876	0	1434583	440	100	0	0	0	0	53104	0
111208	342	2011	10829	5869	4960	0	15116	0	0	1519933	0	1545878	500	60	0	0	0	13276	46466	0
111212	346	2011	7020	2960	4060	840	10658	0	0	1673447	210	1692175	200	80	0	0	0	6638	53104	0
111214	348	2011	7220	1050	6170	0	5729	0	0	1269328	20	1282297	300	0	0	20	80	3319	43147	0
111215	349	2011	6800	760	6040	0	9218	0	0	1246095	0	1262113	320	0	0	0	0	6638	33190	0
111216	350	2011	7260	1650	5610	0	8628	0	0	1257732	0	1273620	280	40	0	0	0	6638	69699	0
111219	353	2011	6170	800	5370	0	9028	0	0	1126401	20	1141619	260	0	0	0	0	6638	46466	0
111220	354	2011	8230	2580	5650	0	5349	0	0	1497540	0	1511119	200	0	0	0	0	3319	82975	0
111221	355	2011	10390	3640	6750	0	12867	0	0	1180765	0	1204022	360	0	0	0	0	9957	43147	0
111222	356	2011	15909	7069	8840	0	4150	0	0	1115855	0	1135914	260	0	0	0	0	0	36509	0
111223	357	2011	12079	2780	9299	0	10008	0	0	1232020	0	1254107	380	160	0	0	0	6638	59742	0
111228	362	2011	12299	2230	10069	0	5749	0	0	1357722	0	1375770	300	0	0	20	0	3319	39828	0
111229	363	2011	10430	1720	8710	0	5329	0	0	1209796	0	1225555	260	0	0	20	0	3319	33190	0
111230	364	2011	6560	3700	2860	0	6209	0	0	1751423	0	1764192	20	0	0	20	0	3319	33190	0
120102	367	2011	12079	7309	4770	0	15536	0	210	1213325	0	1241150	200	0	0	0	0	13276	59742	0
120103	3	2012	17188	4620	12568	0	10359	0	210	1255253	0	1283010	280	140	0	0	0	3319	36509	0
120104	4	2012	9490	4980	4510	0	13417	0	0	1694790	0	1717697	40	0	0	0	0	9957	49785	0
120106	6	2012	7290	1270	6020	0	18875	0	0	1522832	0	1548997	720	0	0	0	0	16595	33190	0
120109	9	2012	38317	31597	6720	1120	3000	0	280	1472557	0	1515274	320	0	0	0	0	0	36509	0
120110	10	2012	16258	10538	5720	0	6589	0	420	1243616	0	1266883	240	0	0	0	0	3319	49785	0
120111	11	2012	76686	72506	4180	0	5639	0	280	1688012	0	1770617	200	0	0	0	0	3319	63061	0
120112	12	2012	7220	2970	4250	0	21714	0	630	1585473	0	1615037	140	0	0	0	0	19914	49785	0
120113	13	2012	7020	1690	5330	840	8128	0	630	800719	0	817337	340	0	0	0	0	6638	23233	0
120116	16	2012	16729	12199	4530	1470	5679	0	0	1872418	20	1896316	220	0	0	0	0	3319	56423	0
120117	17	2012	6120	2480	3640	840	10298	20	210	1456662	20	1474170	160	0	0	0	0	6638	39828	0
120118	18	2012	9229	6199	3030	0	4190	20	210	1386543	0	1400192	160	100	0	0	0	0	43147	0
120119	19	2012	8230	3370	4860	0	13307	0	840	1812635	0	1835012	80	0	0	0	0	9957	23233	0
120120	20	2012	12568	8388	4180	0	16316	0	210	1853513	0	1882607	220	0	0	0	0	13276	39828	0
120123	23	2012	4230	1310	2920	840	15237	0	3529	1754993	0	1778829	120	0	0	0	0	9957	36509	0
120124	24	2012	3300	1590	1710	840	7029	0	420	2092061	0	2103650	40	0	0	0	0	3319	23233	0
120125	25	2012	6439	2000	4439	1120	34173	20	0	1672701	220	1714673	0	80	0	0	0	23233	39828	0
120126	26	2012	2390	960	1430	0	20596	0	3529	1642357	20	1668892	80	0	0	0	0	13276	26552	0
120127	27	2012	7219	4709	2510	0	19696	20	0	1716215	40	1743190	20	0	0	0	0	13276	46466	0
120130	30	2012	19177	11398	7779	0	17116	0	420	1796460	20	1833193	0	0	0	0	0	13276	86294	0
120131	31	2012	18357	8198	10159	1260	4360	0	210	1752893	40	1777120	20	0	0	0	0	0	33190	0
120201	32	2012	25954	22714	3240	0	3690	0	0	1619713	60	1649417	0	0	0	0	0	0	59742	0
120202	33	2012	34252	31992	2260	1680	12327	0	0	2010515	0	2058774	0	0	0	0	0	9957	63061	0
120203	34	2012	8569	5079	3490	0	4779	20	3319	1645845	20	1662552	0	0	0	0	0	3319	46466	0
120206	37	2012	5540	2070	3470	0	8789	0	420	1767849	40	1782638	0	0	0	0	0	3319	36509	0
120207	38	2012	7140	2420	4720	1260	3060	0	420	1304408	100	1316388	0	0	0	0	0	0	39828	0
120208	39	2012	5470	2950	2520	0	5079	0	0	1376166	100	1386815	0	0	0	0	0	3319	46466	0
120209	40	2012	9529	5939	3590	0	13187	20	420	1399819	20	1422995	0	0	0	0	0	9957	29871	0
120210	41	2012	8299	5509	2790	0	5649	0	210	1412885	180	1427223	60	0	0	0	0	3319	26552	0
120213	44	2012	7220	2670	4550	0	7129	0	0	1476996	20	1491365	0	0	0	0	0	3319	36509	0
120214	45	2012	2880	1020	1860	420	12637	0	420	1539847	40	1556244	0	0	0	0	0	9957	46466	0
120215	46	2012	5190	640	4550	0	1470	0	210	1531109	0	1537979	0	0	0	0	0	0	19914	0
120216	47	2012	2590	700	1890	0	7509	0	210	2254272	0	2264581	0	0	0	0	0	3319	59742	210
120217	48	2012	7009	1170	5839	0	19215	0	0	1787092	60	1813376	0	0	0	0	0	16595	49785	0
120220	51	2012	15817	13617	2200	840	11637	0	0	1694621	320	1723235	40	0	0	0	0	9957	86294	0
120221	52	2012	17876	11857	6019	0	9439	20	420	2129241	60	2157056	0	0	0	0	0	3319	46466	210
120222	53	2012	23754	15446	8308	840	15287	0	420	2089792	80	2130173	20	0	0	0	0	9957	43147	0
120223	54	2012	22484	20864	1620	0	9988	0	0	1870528	60	1903060	0	0	0	0	0	6638	36509	0
120224	55	2012	125384	121764	3620	0	8398	20	420	1804317	160	1938699	0	0	0	0	0	6638	29871	0
120227	58	2012	19055	18055	1000	0	8398	0	0	1329910	40	1357403	20	0	0	0	0	6638	33190	0
120228	59	2012	4320	1670	2650	0	8438	0	210	1625931	0	1638899	0	0	0	0	0	6638	53104	0
120229	60	2012	39359	37699	1660	0	6189	0	0	1921112	60	1966720	40	0	0	0	0	3319	99570	0
120301	61	2012	12438	9888	2550	840	13428	0	0	2205158	60	2231924	80	140	0	0	0	6638	86294	0
120302	62	2012	37450	24873	12577	560	25835	0	0	2796722	60	2860627	0	0	0	0	0	16595	73018	560
120305	65	2012	3020	1400	1620	1120	14237	40	3319	2050350	360	2072446	0	0	0	0	0	9957	73018	0
120306	66	2012	7131	4532	2599	0	13190	40	0	2076701	400	2097462	0	0	0	0	0	9957	73018	419
120307	67	2012	8233	3277	4956	0	9695	100	0	2488966	620	2507614	0	0	0	0	0	6638	69699	0
120308	68	2012	21067	15077	5990	0	12947	60	0	2179487	100	2213661	20	0	0	0	0	9957	63061	0
120309	69	2012	5433	3793	1640	0	13988	140	0	2062973	180	2082714	0	0	0	0	0	9957	56423	0
120312	72	2012	14709	10019	4690	0	9928	60	210	1672018	100	1697025	40	0	0	0	0	6638	59742	0
120313	73	2012	17498	10898	6600	0	16756	100	0	2411566	140	2446060	260	0	0	0	0	13276	102889	0
120314	74	2012	11849	7089	4760	0	12027	20	0	1391752	440	1416088	0	0	0	0	0	9957	66380	0
120315	75	2012	10130	3880	6250	0	26733	60	0	2395140	360	2432423	0	0	0	0	0	23233	82975	0
120316	76	2012	10399	8349	2050	0	19715	60	0	1654583	420	1685177	0	0	0	0	0	16595	46466	0
120319	79	2012	8120	6700	1420	0	21895	120	0	2328970	1560	2360665	60	0	0	0	0	16595	63061	210
120320	80	2012	13789	12199	1590	0	8438	60	0	1452923	580	1475790	120	0	0	0	0	6638	36509	0
120321	81	2012	5260	4380	880	630	15017	0	0	1962031	2280	1985218	0	0	0	0	0	9957	46466	840
120322	82	2012	1730	1610	120	0	17616	0	0	1722182	1160	1742688	40	0	0	0	0	13276	39828	0
120323	83	2012	10538	9578	960	0	14837	0	0	2619992	1080	2646447	0	0	0	0	0	9957	69699	420
120326	86	2012	15868	14668	1200	0	21215	160	0	2411146	2800	2451189	40	0	0	0	0	16595	56423	0
120327	87	2012	16420	12880	3540	0	21325	220	6638	2280906	1380	2326889	240	0	0	0	0	16595	43147	840
120328	88	2012	19319	17599	1720	0	33662	540	0	2364301	1810	2419632	220	0	0	0	0	26552	66380	630
120329	89	2012	34435	31255	3180	840	21985	160	0	2250656	540	2308616	220	0	0	0	0	16595	96251	630
120330	90	2012	41754	28286	13468	0	16686	80	0	2219863	840	2279223	260	0	0	0	0	13276	73018	0
120402	93	2012	65775	54767	11008	0	29532	40	0	2386443	1380	2483170	420	0	3319	0	0	26552	56423	0
120403	94	2012	44842	21945	22897	0	47491	240	0	2672864	3339	2768776	320	0	0	0	0	39828	49785	2095
120404	95	2012	66209	59190	7019	0	20546	40	0	1664528	3220	1754543	120	0	0	0	0	16595	59742	0
120405	96	2012	30839	27119	3720	0	55389	120	0	2393566	2040	2481954	760	0	0	0	0	36509	59742	6720
120410	101	2012	65021	50625	14396	0	37628	80	0	3119395	1919	3224043	1260	680	0	40	260	26552	96251	36453
120412	103	2012	5433	3913	1520	0	87954	240	6638	3103529	2018	3205812	160	340	0	0	0	66380	63061	132562
120413	104	2012	57209	48609	8600	0	109710	320	0	3993323	720	4161282	300	960	0	0	0	86294	159312	280226
120416	107	2012	32360	27440	4920	0	83709	380	6638	4225393	420	4348900	240	880	0	0	1320	73018	129441	459772
120417	108	2012	35510	29031	6479	0	64169	500	0	4091992	2438	4194609	640	440	0	0	340	46466	129441	313786
120418	109	2012	36295	23741	12554	0	70430	620	0	3410882	580	3518807	3360	240	0	0	0	56423	86294	177868
120419	110	2012	71172	54701	16471	1257	66137	480	0	3455716	640	3595402	1660	900	0	0	1260	53104	126122	140952
120420	111	2012	84576	67960	16616	0	37224	80	419	3370939	1000	3494238	4000	1740	0	40	1100	33190	99570	372516
120423	114	2012	45007	32231	12776	0	27085	100	0	3750207	400	3822799	440	1060	0	0	640	16595	129441	771880
120424	115	2012	277229	256789	20440	0	35784	100	3738	3990792	560	4308203	1240	1140	0	120	160	29871	89613	815508
120425	116	2012	60915	48935	11980	0	24009	180	0	4136372	760	4222236	500	1460	0	0	1160	19914	149355	701404
120426	117	2012	25424	7444	17980	0	47999	80	0	3684599	320	3758422	360	3200	0	80	1220	43147	116165	530248
120427	118	2012	27680	4011	23669	0	45431	140	0	3879155	140	3952546	20	2180	0	40	1880	36509	205778	493332
120430	121	2012	67186	25017	42169	0	34473	100	6638	2721915	520	2830832	1800	5520	0	40	5520	23233	102889	10640
120502	123	2012	68599	16879	51720	560	18716	20	3319	2488178	600	2579992	140	4120	0	140	4580	13276	86294	0
120503	124	2012	34579	160	34419	0	16847	0	20124	2373669	1480	2446699	60	3460	0	0	3180	9957	92932	0
120504	125	2012	47167	18427	28740	0	29824	0	9957	2175200	2420	2264568	140	2960	0	20	3780	19914	99570	420
120507	128	2012	20800	5680	15120	0	33652	0	6638	2679560	360	2741010	80	1820	0	0	3660	26552	155993	0
120508	129	2012	41631	4593	37038	0	18485	40	3319	2641416	780	2705671	80	3900	0	0	2360	9957	199140	419
120509	130	2012	41976	15298	26678	0	30893	0	13276	2546479	320	2632944	60	740	0	20	3180	23233	132760	0
120510	131	2012	37737	11749	25988	0	22085	0	0	2183016	380	2243218	0	1720	0	60	760	16595	82975	0
120511	132	2012	34258	22058	12200	0	15997	20	6638	2478786	670	2536369	100	1480	0	20	960	9957	122803	0
120514	135	2012	140681	51337	89344	0	11649	0	3319	2357813	120	2513582	160	4040	0	80	900	6638	112846	419
120515	136	2012	42278	11818	30460	0	52907	0	0	2262165	120	2357470	20	6420	0	40	0	43147	219054	0
120516	137	2012	82642	42946	39696	0	41370	0	9957	2421873	540	2556382	120	4820	0	60	0	33190	122803	0
120518	139	2012	57260	17180	40080	0	48549	0	210	2649566	440	2756025	240	1560	0	80	0	36509	225692	0
120521	142	2012	9530	6730	2800	0	63578	0	0	2869589	160	2942857	40	400	0	220	0	49785	381685	2095
120522	143	2012	23999	9947	14052	0	65066	0	0	2913894	200	3003159	0	0	0	80	0	56423	385004	0
120523	144	2012	23840	14560	9280	0	51209	0	0	2654087	1460	2730596	40	500	0	20	0	36509	222373	0
120524	145	2012	33580	29042	4538	0	27991	0	6638	3254527	280	3323016	0	0	0	20	0	16595	238968	419
120525	146	2012	32456	26936	5520	0	37910	0	6638	2611739	620	2689363	0	0	0	0	0	33190	335219	280
120529	150	2012	74662	34931	39731	0	84002	20	6638	2929199	940	3095461	40	40	0	0	0	76337	182545	2095
120530	151	2012	86286	31634	54652	0	113434	0	9957	2854755	2620	3067052	0	240	0	0	0	86294	448065	5250
120531	152	2012	133287	39386	93901	0	59445	0	419	2955497	5568	3154216	20	460	0	0	0	29871	421513	5866
120601	153	2012	99466	12018	87448	0	73644	0	0	2589148	11824	2774082	0	380	0	0	0	53104	421513	10080
120604	156	2012	108758	19218	89540	0	53990	0	16875	4240132	5448	4425203	0	380	0	0	0	33190	726861	12600
120605	157	2012	125498	5200	120298	0	60765	0	0	2606221	7804	2800288	40	1120	0	0	0	49785	507807	5880
120606	158	2012	165296	9382	155914	0	38747	0	9957	2700353	11261	2925614	20	480	3319	0	0	26552	474617	11732
120607	159	2012	160653	8110	152543	0	75059	0	3319	2982115	6176	3227322	0	1240	0	0	0	53104	637248	18436
120608	160	2012	141098	9472	131626	0	139038	40	48144	5391709	6600	5726629	0	1880	0	0	0	79656	889492	16780
120611	163	2012	1201947	75846	1126101	0	58496	40	6638	4741037	4240	6012398	0	2000	0	0	0	6638	723542	7551
120612	164	2012	378328	33727	344601	0	149515	0	0	5178454	2640	5708937	0	1320	6638	0	0	99570	517764	1678
120613	165	2012	490900	29448	461452	0	157646	40	6638	4415232	3838	5074294	0	1480	0	0	0	92932	497850	0
120614	166	2012	346348	42790	303558	0	124950	0	13276	5850792	2760	6338126	0	2720	0	0	0	59742	750094	0
120615	167	2012	340683	11710	328973	0	145145	80	0	4188553	6959	4681420	0	1120	0	0	0	66380	597420	0
120618	170	2012	252113	17664	234449	0	80831	0	0	4441414	4720	4779078	0	680	0	40	0	39828	491212	0
120619	171	2012	155411	3239	152172	0	119299	40	0	3653096	5517	3933363	0	120	0	0	0	86294	670438	0
120620	172	2012	221683	2400	219283	0	124098	0	0	4242496	3040	4591317	0	880	0	0	0	92932	637248	839
120621	173	2012	108212	8437	99775	0	64162	80	0	3791655	560	3964669	0	0	0	0	0	39828	292072	0
120622	174	2012	158148	9195	148953	0	87109	0	6638	3434190	4799	3690884	0	1280	0	40	0	53104	650524	0
120625	177	2012	316852	74206	242646	0	89556	0	19914	5104992	2480	5533794	0	0	0	0	0	66380	663800	0
120626	178	2012	97694	24610	73084	0	51280	0	0	6111782	760	6261516	40	200	6638	0	0	33190	451384	0
120627	179	2012	45058	15782	29276	0	148480	40	0	4578122	3160	4774860	0	200	0	0	0	106208	524402	0
120628	180	2012	27432	13392	14040	0	110421	0	0	4150329	6680	4294862	0	720	0	0	0	79656	444746	0
120629	181	2012	54499	27063	27436	0	102904	40	0	5715367	2680	5875490	0	600	0	0	0	73018	424832	0
120702	184	2012	33426	12476	20950	0	93858	0	6638	5862168	4358	6000448	0	0	0	0	0	53104	756732	0
120703	185	2012	10196	4837	5359	0	38252	0	6638	4399667	2480	4457233	0	0	0	0	0	26552	358452	0
120704	186	2012	15590	3213	12377	0	47638	0	16595	2973801	3440	3057064	0	0	0	0	0	33190	192502	838
120705	187	2012	10626	3337	7289	0	56538	0	33190	2612835	1240	2714429	0	0	0	0	0	43147	205778	0
120706	188	2012	10699	6319	4380	0	25135	0	53104	2454865	1820	2545623	20	160	0	0	0	16595	136079	0
120709	191	2012	17498	10998	6500	0	73721	0	119484	2866141	520	3077364	0	220	0	0	0	63061	189183	0
120710	192	2012	24576	9319	15257	0	43570	0	119484	2625814	460	2813904	20	0	0	0	0	33190	169269	0
120711	193	2012	34294	8582	25712	0	77482	0	119484	2842199	300	3073759	0	140	0	0	0	69699	192502	419
120712	194	2012	18299	13311	4988	0	51601	0	242287	2823443	440	3136070	0	0	0	0	0	39828	215735	0
120713	195	2012	10991	7551	3440	0	102113	0	212416	3811717	600	4137837	0	40	0	0	0	82975	441427	0
120716	198	2012	48586	28291	20295	0	83135	0	175907	2278708	1040	2587376	0	0	0	0	0	63061	245606	0
120717	199	2012	21471	15807	5664	0	88700	0	225692	2367767	900	2704530	0	0	0	0	0	73018	189183	0
120718	200	2012	29994	24434	5560	0	81523	0	195821	2503883	400	2811621	0	0	0	0	0	66380	165950	0
120719	201	2012	20883	17443	3440	0	47874	20	119484	2374738	920	2563919	0	0	0	0	0	29871	102889	0
120720	202	2012	120056	117156	2900	0	45657	0	102889	2697841	260	2966703	0	0	0	0	0	33190	142717	0
120723	205	2012	48570	41670	6900	0	100406	200	146036	2928752	780	3224744	0	2100	0	0	0	69699	205778	0
120724	206	2012	45106	26035	19071	0	94625	240	6638	3868029	720	4015358	0	3520	0	0	0	59742	152674	0
120725	207	2012	141797	8339	133458	0	143994	520	106208	2738150	420	3131089	0	92852	3319	0	0	86294	235649	839
120726	208	2012	137661	8037	129624	0	160313	400	225692	2951479	560	3476105	0	50040	0	0	0	92932	302029	3356
120727	209	2012	229245	11428	217817	0	170298	680	139398	5093492	720	5633833	0	52640	6638	0	0	106208	531040	11746
120730	212	2012	359624	13337	346287	0	112017	4240	33190	4084607	2440	4596118	0	53680	0	0	0	79656	404918	0
120731	213	2012	199621	6020	193601	0	48494	1600	86294	3221356	1500	3558865	0	24000	0	0	0	19914	258882	0
120801	214	2012	154697	9780	144917	0	49350	1560	59742	3484858	2960	3753167	0	0	0	0	0	33190	358452	0
120802	215	2012	155256	8520	146736	0	40332	1840	26552	3023394	4200	3251574	0	27320	0	0	0	26552	225692	420
120803	216	2012	126562	6753	119809	0	92515	1240	79656	4146751	12242	4458966	0	30480	6638	0	0	59742	345176	0
120806	219	2012	220299	22866	197433	0	80609	1240	19914	3958444	2640	4283146	0	36320	0	0	0	66380	285434	0
120807	220	2012	215745	11668	204077	0	67686	560	0	3717798	9018	4010807	0	37520	0	0	0	46466	318624	0
120808	221	2012	247413	27372	220041	0	81886	880	33190	3870472	2800	4236641	0	40800	6638	0	0	66380	199140	0
120809	222	2012	398961	32176	366785	0	76906	1480	39828	4124838	6718	4648731	0	37840	0	0	0	33190	199140	0
120810	223	2012	697034	8990	688044	0	246148	1760	26552	3971448	4160	4947102	0	46560	0	0	0	73018	232330	0
120813	226	2012	454295	17182	437113	0	57679	200	7477	4044738	5079	4569468	0	68560	6638	0	0	26552	219054	0
120814	227	2012	593598	13459	580139	0	71108	120	19914	3261774	4880	3951394	0	23400	0	0	0	46466	146036	0
120815	228	2012	1791187	13460	1777727	0	111085	360	26552	4887106	17792	6834082	0	26840	0	0	0	79656	318624	0
120816	229	2012	1295396	22925	1272471	0	69013	240	0	4888643	10688	6263980	0	27000	0	0	0	33190	305348	1118
120817	230	2012	774445	17615	756830	0	73225	640	26552	4670218	14461	5559541	0	19960	0	0	0	46466	338538	0
120820	233	2012	238917	48937	189980	0	159835	440	0	3658204	4360	4061756	0	3920	0	0	0	66380	159312	1678
120821	234	2012	198728	42132	156596	0	211108	480	13276	3149521	2120	3575233	0	1960	0	0	0	79656	126122	1678
120822	235	2012	239674	23512	216162	0	320634	280	0	3962096	13241	4535925	0	0	0	0	0	99570	212416	1678
120823	236	2012	119551	20712	98839	0	100924	160	0	3814851	20522	4056008	0	0	0	0	0	46466	358452	0
120824	237	2012	91153	16636	74517	0	136249	200	13276	3499361	15571	3755810	0	640	0	0	0	53104	119484	0
120827	240	2012	61268	27856	33412	0	54636	0	0	3952685	1480	4070069	0	0	0	0	0	33190	152674	0
120828	241	2012	43688	14306	29382	0	217644	80	6638	3467676	14009	3749735	40	1040	0	0	0	106208	152674	0
120829	242	2012	34142	6514	27628	0	153882	40	0	3371166	1200	3560430	0	80	0	0	0	66380	179226	0
120830	243	2012	23289	11112	12177	0	111432	40	6638	1976236	520	2118155	0	1300	0	0	0	43147	92932	839
120831	244	2012	35751	4557	31194	0	72454	20	9957	1766226	1179	1885587	0	440	0	0	0	43147	69699	0
120903	247	2012	23231	17492	5739	0	56962	20	0	2159472	780	2240465	60	0	0	0	0	29871	53104	0
120904	248	2012	7815	2896	4919	0	28444	20	3319	1981707	400	2021705	0	160	0	0	0	13276	73018	0
120905	249	2012	14907	4235	10672	0	35002	0	3319	1798324	260	1851812	0	200	0	0	0	9957	63061	419
120906	250	2012	9868	4792	5076	0	66226	0	9957	2265112	839	2352002	0	420	0	0	0	36509	76337	0
120907	251	2012	7791	3175	4616	0	42919	0	0	2064263	200	2115173	0	0	0	0	0	26552	106208	0
120910	254	2012	18970	8874	10096	0	75193	20	3319	2112204	460	2210166	0	340	0	0	0	39828	66380	0
120911	255	2012	38997	4620	34377	0	48437	0	6638	1995129	160	2089361	0	8640	0	0	0	9957	73018	0
120912	256	2012	22087	4017	18070	0	93981	0	0	2082407	320	2198795	0	2700	0	0	0	29871	76337	0
120913	257	2012	6360	600	5760	0	24558	0	0	1374358	20	1405296	0	1200	0	0	0	6638	46466	0
120914	258	2012	26087	4417	21670	0	66546	0	0	2176943	100	2269676	0	940	0	0	0	23233	53104	839
120917	261	2012	23499	8299	15200	0	45392	40	0	1896194	220	1965345	0	1980	0	0	0	26552	56423	280
120918	262	2012	25340	2980	22360	0	43271	0	0	1534942	340	1603893	0	1000	0	0	0	29871	63061	0
120919	263	2012	26198	10808	15390	0	13939	0	0	1502201	0	1542338	0	800	0	0	0	3319	53104	210
120920	264	2012	26459	9629	16830	0	24986	0	0	2153145	60	2204650	0	700	0	0	0	13276	63061	0
120921	265	2012	19160	4340	14820	0	25695	20	0	1882918	40	1927833	0	400	0	0	0	16595	43147	0
120925	269	2012	26778	13778	13000	0	20677	20	0	2222016	20	2269511	0	680	0	0	0	9957	56423	0
120926	270	2012	43214	25254	17960	0	18896	0	0	2146548	0	2208658	0	960	0	0	0	13276	56423	0
120927	271	2012	42467	22252	20215	0	37523	20	0	2152619	0	2232629	0	1080	0	0	0	23233	92932	0
120928	272	2012	36166	18876	17290	0	20475	60	3319	1495312	20	1555352	0	4720	0	0	0	16595	46466	0
121001	275	2012	38543	24474	14069	0	16347	0	3319	1434100	230	1492539	0	1500	0	0	0	9957	33190	0
121004	278	2012	36227	17627	18600	0	37962	0	0	1937999	40	2012228	0	600	0	0	0	26552	73018	0
121005	279	2012	117445	91155	26290	0	18488	0	3319	1998622	0	2137874	0	1740	0	20	0	6638	79656	210
121008	282	2012	66910	43230	23680	0	27635	0	3319	2463743	0	2561607	0	460	0	80	0	16595	109527	0
121009	283	2012	17100	4660	12440	0	20977	0	3319	2379467	0	2420863	0	700	0	0	0	9957	106208	420
121010	284	2012	30467	16537	13930	0	44320	0	0	2705359	20	2780166	0	140	0	0	0	33190	92932	210
121011	285	2012	29956	12098	17858	0	43631	0	0	2843229	0	2916816	0	0	0	0	0	29871	92932	0
121012	286	2012	39592	31612	7980	0	48429	0	0	3183727	0	3271748	0	0	0	0	0	36509	96251	280
121015	289	2012	18470	5450	13020	0	19207	0	0	2360352	20	2398049	0	560	0	0	0	9957	76337	0
121016	290	2012	32417	9109	23308	0	21506	0	0	2120544	0	2174467	0	0	0	0	0	13276	59742	0
121017	291	2012	36398	13018	23380	0	18327	0	3529	2220283	20	2278557	0	240	0	0	0	9957	69699	0
121018	292	2012	27550	6130	21420	0	28574	0	3529	2185454	630	2245737	0	560	0	0	0	19914	86294	0
121019	293	2012	34834	9232	25602	0	78757	0	3319	2598308	0	2715218	0	500	0	0	0	33190	86294	0
121022	296	2012	28420	5930	22490	0	18267	0	0	1857672	20	1904379	0	600	0	0	0	9957	66380	0
121023	297	2012	23278	11428	11850	0	21116	0	0	1827801	210	1872405	0	200	0	0	0	13276	56423	0
121024	298	2012	21110	5640	15470	0	23856	0	3319	1990473	0	2038758	0	240	0	0	0	13276	59742	0
121025	299	2012	33677	19967	13710	0	39991	0	3319	2341447	60	2418494	0	520	0	0	0	29871	76337	0
121026	300	2012	19600	7570	12030	0	32143	0	3949	2572558	20	2628270	0	0	0	0	0	23233	86294	0
121030	304	2012	19210	6290	12920	0	34553	0	6638	2448285	230	2508916	0	0	0	0	0	23233	89613	0
121031	305	2012	17459	9649	7810	0	35822	0	210	2371528	0	2425019	0	0	0	0	0	26552	73018	0
121101	306	2012	31346	22506	8840	0	14987	0	10167	1973458	0	2029958	40	80	0	20	0	9957	99570	0
121102	307	2012	25637	17617	8020	0	19815	0	0	2139198	20	2184670	0	0	0	0	0	16595	69699	0
121105	310	2012	30856	22096	8760	0	36634	0	3319	2634091	0	2704900	0	280	0	0	0	19914	112846	0
121106	311	2012	20828	14718	6110	0	31034	0	9957	2230322	40	2292181	0	0	0	0	0	19914	96251	0
121107	312	2012	27997	11209	16788	0	40751	0	0	2249565	0	2318313	0	120	0	0	0	29871	102889	0
121108	313	2012	13389	6010	7379	0	12528	0	0	2465049	0	2490966	0	0	0	0	0	6638	69699	0
121109	314	2012	15079	10309	4770	0	25395	0	0	2282084	0	2322558	0	0	0	0	20	16595	59742	0
121112	317	2012	10500	4500	6000	0	31413	0	3319	1798770	0	1844002	0	340	0	0	0	23233	46466	0
121113	318	2012	11220	5480	5740	0	18597	0	6638	1991272	420	2028147	0	0	0	0	0	9957	76337	0
121114	319	2012	21327	15887	5440	0	24565	0	0	1881535	0	1927427	0	0	0	0	0	16595	79656	0
121115	320	2012	19527	15677	3850	0	47809	0	9957	1945057	210	2022560	0	80	0	0	0	36509	59742	0
121116	321	2012	13500	7270	6230	0	15927	0	3319	1566020	20	1598786	0	100	0	0	0	9957	66380	0
121119	324	2012	12430	7320	5110	0	43100	0	3319	1817675	210	1876734	0	0	0	0	0	33190	39828	0
121120	325	2012	16348	12348	4000	0	37722	0	0	2083195	0	2137265	40	0	0	0	0	26552	53104	0
121121	326	2012	22477	17577	4900	0	23746	0	0	2512775	100	2559098	0	0	0	0	0	13276	89613	0
121122	327	2012	13888	11548	2340	0	5180	0	0	1675127	0	1694195	0	0	0	0	0	0	46466	0
121123	328	2012	25475	22395	3080	0	16586	0	0	2112646	0	2154707	0	0	0	0	0	13276	76337	0
121126	331	2012	7650	2110	5540	0	10478	0	0	1299829	0	1317957	0	60	0	0	0	6638	43147	0
121127	332	2012	19557	15107	4450	0	16257	0	210	1427211	0	1463235	0	520	0	0	0	9957	63061	0
121128	333	2012	7390	3660	3730	0	23554	0	0	1643576	0	1674520	0	0	0	40	0	19914	49785	0
121129	334	2012	18097	13687	4410	0	12148	0	0	1721173	0	1751418	0	0	0	0	0	6638	79656	0
121203	338	2012	7710	4550	3160	0	13448	0	0	1796670	0	1817828	0	0	0	0	0	6638	49785	0
121204	339	2012	7820	4140	3680	0	24014	0	0	1888762	0	1920596	40	0	0	0	0	19914	76337	0
121205	340	2012	9180	4660	4520	0	32403	20	0	2044586	20	2086209	0	0	0	20	0	23233	59742	0
121206	341	2012	22266	18596	3670	0	24744	0	0	2185413	0	2232423	40	0	0	0	0	19914	59742	0
121207	342	2012	11429	7979	3450	0	30035	0	0	2035469	0	2076933	0	0	0	0	0	16595	116165	0
121210	345	2012	11589	5140	6449	0	7529	0	0	2208226	0	2227344	0	0	0	0	0	3319	66380	0
121211	346	2012	9070	6080	2990	0	27604	0	0	1659162	40	1695876	20	0	0	0	0	19914	66380	0
121212	347	2012	13898	10868	3030	0	39951	0	0	1987323	0	2041172	0	0	0	40	0	29871	99570	0
121213	348	2012	16489	6970	9519	0	32063	0	0	1650214	0	1698766	40	0	0	80	0	23233	89613	0
121214	349	2012	12259	10159	2100	0	21515	0	3319	2040637	0	2077730	0	0	0	0	0	16595	106208	0
121217	352	2012	13898	11268	2630	0	48509	0	0	2281285	40	2343732	0	0	0	0	0	36509	109527	0
121218	353	2012	7609	2690	4919	0	27923	0	6638	2529580	40	2571790	0	0	0	0	0	23233	96251	0
121219	354	2012	42699	41719	980	0	31843	0	0	2291872	0	2366414	0	0	0	0	0	23233	109527	0
121220	355	2012	19426	9288	10138	0	14799	0	0	2002699	0	2036924	0	0	0	20	0	3319	86294	0
121221	356	2012	3860	2130	1730	0	21566	0	6848	2058871	20	2091165	0	0	0	0	0	13276	73018	0
121227	362	2012	5130	3270	1860	0	18925	0	3529	1695630	0	1723214	0	0	0	0	0	16595	73018	0
121228	363	2012	3340	2020	1320	0	18706	0	3529	2352623	0	2378198	0	0	0	0	0	13276	86294	0